0000000000000000000000000000000000000000000000000000000000000000000000000000000000000000000000000000000000000000000000000000000000000000000000000000000000000000000000000000000000000000000000000000000000000000000000000000000000000000000000000000000000000000000000000000000000000000000000000000000000000000000000000000000000000000000000000000000000000000000000000000000000000000000000000000000000000000
0000000000000000000000000000000000000000000000000000000000000000000000000000000000000000000000000000000000000000000000000000000000000000000000000000000000000000000000000000000000000000000000000000000000000000000000000000000000000000000000000000000000000000000000000000000000000000000000000000000000000000000000000000000000000000000000000000000000000000000000000000000000000000000000000000000000000000
0000000000000000000000000000000000000000000000000000000000000000000000000000000000000000000000000000000000000000000000000000000000000000000000000000000000000000000000000000000000000000000000000000000000000000000000000000000000000000000000000000000000000000000000000000000000000000000000000000000000000000000000000000000000000000000000000000000000000000000000000000000000000000000000000000000000000000
0000000000000000000000000000000000000000000000000000000000000000000000000000000000000000000000000000000000000000000000000000000000000000000000000000000000000000000000000000000000000000000000000000000000000000000000000000000000000000000000000000000000000000000000000000000000000000000000000000000000000000000000000000000000000000000000000000000000000000000000000000000000000000000000000000000000000000
0000000000000000000000000000000000000000000000000000000000000000000000000000000000000000000000000000000000000000000000000000000000000000000000000000000000000000000000000000000000000000000000000000000000000000000000000000000000000000000000000000000000000000000000000000000000000000000000000000000000000000000000000000000000000000000000000000000000000000000000000000000000000000000000000000000000000000
0000000000000000000000000000000000000000000000000000000000000000000000000000000000000000000000000000000000000000000000001000000000000000001111111100000000000000000000000000000000000000000000000000000000000000000000000000000000000000000000000000000000000000000000000000000000000000000000000000000000000000000000000000000000000000000000000000000000000000000000000000000000000000000000000000000000000000
0000000000000000000000000000000000000000000000000000000000000000000000000000000000000000000000000000000000000000111111111111111111111111111111111111111100000000000000000000000000000000000000000000000000000000000000000000000000000000000000000000000000000000000000000000000000000000000000000000000000000000000000000000000000000000000000000000000000000000000000000000000000000000000000000000000000000000
0000000000000000000000000000000000000000000000000000000000000000000000000000000000000000000000000000000000000000100000000000000000000000111111111111111111100000000000000000000000000000000000000000000000000000000000000000000000000000000000000000000000000000000000000000000000000000000000000000000000000000000000000000000000000000000000000000000000000000000000000000000000000000000000000000000000000000
0000000000000000000000000000000000000000000000000000000000000000000000000000000000000000000000000000000000000000100000000000000000000000111111111111111111111100000000000000000000000000000000000000000000000000000000000000000000000000000000000000000000000000000000000000000000000000000000000000000000000000000000000000000000000000000000000000000000000000000000000000000000000000000000000000000000000000
0000000000000000000000000000000000000000000000000000000000000000000000000000000000000000000000000000000000000000100000000000000000000000111111111111111111111111000000000000000000000000000000000000000000000000000000000000000000000000000000000000000000000000000000000000000000000000000000000000000000000000000000000000000000000000000000000000000000000000000000000000000000000000000000000000000000000000
0000000000000000000000000000000000000000000000000000000000000000000000000000000000000000000000000000000000000000100000000000000000000000111111111111111111111111110000000000000000000000000000000000000000000000000000000000000000000000000000000000000000000000000000000000000000000000000000000000000000000000000000000000000000000000000000000000000000000000000000000000000000000000000000000000000000000000
0000000000000000000000000000000000000000000000000000000000000000000000000000000000000000000000000000000000000000100000000000000000000000111111111111111111111111111100000000000000000000000000000000000000000000000000000000000000000000000000000000000000000000000000000000000000000000000000000000000000000000000000000000000000000000000000000000000000000000000000000000000000000000000000000000000000000000
0000000000000000000000000000000000000000000000000000000000000000000000000000000000000000000000000000000000000000100000000000000000000000111111111111111111111111111110000000000000000000000000000000000000000000000000000000000000000000000000000000000000000000000000000000000000000000000000000000000000000000000000000000000000000000000000000000000000000000000000000000000000000000000000000000000000000000
0000000000000000000000000000000000000000000000000000000000000000000000000000000000000000000000000000000000000000100000000000000000000000111111111111111111111111111111100000000000000000000000000000000000000000000000000000000000000000000000000000000000000000000000000000000000000000000000000000000000000000000000000000000000000000000000000000000000000000000000000000000000000000000000000000000000000000
0000000000000000000000000000000000000000000000000000000000000000000000000000000000000000000000000000000000000000100000000000000000000000111111111111111111111111111111110000000000000000000000000000000000000000000000000000000000000000000000000000000000000000000000000000000000000000000000000000000000000000000000000000000000000000000000000000000000000000000000000000000000000000000000000000000000000000
0000000000000000000000000000000000000000000000000000000000000000000000000000000000000000000000000000000000000000100000000000000000000000111111111111111111111111111111111000000000000000000000000000000000000000000000000000000000000000000000000000000000000000000000000000000000000000000000000000000000000000000000000000000000000000000000000000000000000000000000000000000000000000000000000000000000000000
0000000000000000000000000000000000000000000000000000000000000000000000000000000000000000000000000000000000000000100000000000000000000000111111111111111111111111111111111100000000000000000000000000000000000000000000000000000000000000000000000000000000000000000000000000000000000000000000000000000000000000000000000000000000000000000000000000000000000000000000000000000000000000000000000000000000000000
0000000000000000000000000000000000000000000000000000000000000000000000000000000000000000000000000000000000000000100000000000000000000000111111111111111111111111111111111110000000000000000000000000000000000000000000000000000000000000000000000000000000000000000000000000000000000000000000000000000000000000000000000000000000000000000000000000000000000000000000000000000000000000000000000000000000000000
0000000000000000000000000000000000000000000000000000000000000000000000000000000000000000000000000000000000000000100000000000000000000000111111111111111111111111111111111111000000000000000000000000000000000000000000000000000000000000000000000000000000000000000000000000000000000000000000000000000000000000000000000000000000000000000000000000000000000000000000000000000000000000000000000000000000000000
0000000000000000000000000000000000000000000000000000000000000000000000000000000000000000000000000000000000000001100000000000000000000000111111111111111111111111111111111111100000000000000000000000000000000000000000000000000000000000000000000000000000000000000000000000000000000000000000000000000000000000000000000000000000000000000000000000000000000000000000000000000000000000000000000000000000000000
0000000000000000000000000000000000000000000000000000000000000000000000000000000000000000000000000000000000000011100000000000000000000000111111111111111111111111111111111111110000000000000000000000000000000000000000000000000000000000000000000000000000000000000000000000000000000000000000000000000000000000000000000000000000000000000000000000000000000000000000000000000000000000000000000000000000000000
0000000000000000000000000000000000000000000000000000000000000000000000000000000000000000000000000000000000000111100000000000000000000000111111111111111111111111111111111111111000000000000000000000000000000000000000000000000000000000000000000000000000000000000000000000000000000000000000000000000000000000000000000000000000000000000000000000000000000000000000000000000000000000000000000000000000000000
0000000000000000000000000000000000000000000000000000000000000000000000000000000000000000000000000000000000000111100000000000000000000000111111111111111111111111111111111111111100000000000000111110000000000000000000000000001111111000000000011111100000000000000111110000000111111111111111110000000000111111111110000000000000000000000000000000000000000000000000000000000000000000000000000000000000000000
0000000000000000000000000000000000000000000000000000000000000000000000000000000000000000000000000000000000001111100000000000000000000000111111111111111111111111111111111111111110000000000000111111000000000000000000000000011111111100000000011111110000000000001111110000000111111111111111111000000000111111111111111110000000000000000000000000000000000000000000000000000000000000000000000000000000000000
0000000000000000000000000000000000000000000000000000000000000000000000000000000000000000000000000000000000011111100000000000000000000000111111111111111111111111111111111111111110000000000000111111000000000000000000000000011111111100000000001111111000000000011111110000000111111111111111111000000000111111111111111111000000000000000000000000000000000000000000000000000000000000000000000000000000000000
0000000000000000000000000000000000000000000000000000000000000000000000000000000000000000000000000000000000011111100000000000000000000000111111111111111111111111111111111111111111000000000000111111000000000000000000000000011111111110000000001111111000000000111111100000000111111111111111111000000000111111111111111111100000000000000000000000000000000000000000000000000000000000000000000000000000000000
0000000000000000000000000000000000000000000000000000000000000000000000000000000000000000000000000000000000111111100000000000000000000000000000000000000000000000000000000000111111000000000000111111000000000000000000000000111111111110000000000111111100000000111111000000000111111111111111111000000000111111111111111111110000000000000000000000000000000000000000000000000000000000000000000000000000000000
0000000000000000000000000000000000000000000000000000000000000000000000000000000000000000000000000000000001111111100000000000000000000000011111111111111111111111111111111110111111100000000000111111000000000000000000000000111111111111000000000011111110000001111111000000000111111000000000000000000000111111000000111111110000000000000000000000000000000000000000000000000000000000000000000000000000000000
0000000000000000000000000000000000000000000000000000000000000000000000000000000000000000000000000000000001111111100000000000000000000000011111111111111111111111111111111110111111100000000000111111000000000000000000000000111110111111000000000011111110000011111110000000000111111000000000000000000000111111000000011111110000000000000000000000000000000000000000000000000000000000000000000000000000000000
0000000000000000000000000000000000000000000000000000000000000000000000000000000000000000000000000000000001111111100000000000000000000000011111111111111111111111111111111110111111110000000000111111000000000000000000000001111110011111000000000001111111000011111100000000000111111000000000000000000000111111000000001111110000000000000000000000000000000000000000000000000000000000000000000000000000000000
0000000000000000000000000000000000000000000000000000000000000000000000000000000000000000000000000000000011111111100000000000000000000000011111111111111111111111111111111110111111110000000000111111000000000000000000000001111110011111100000000000111111000111111100000000000111111000000000000000000000111111000000001111110000000000000000000000000000000000000000000000000000000000000000000000000000000000
0000000000000000000000000000000000000000000000000000000000000000000000000000000000000000000000000000000011111111100000000000000000000000011111111111111111111111111111111110111111111000000000111111000000000000000000000011111100011111100000000000111111101111111000000000000111111000000000000000000000111111000000001111110000000000000000000000000000000000000000000000000000000000000000000000000000000000
0000000000000000000000000000000000000000000000000000000000000000000000000000000000000000000000000000000111111111100000000000000000000000011111111111111111111111111111111110111111111000000000111111000000000000000000000011111100001111100000000000011111111111110000000000000111111000000000000000000000111111000000001111110000000000000000000000000000000000000000000000000000000000000000000000000000000000
0000000000000000000000000000000000000000000000000000000000000000000000000000000000000000000000000000000111111111100000000000000000000000011111111111111111111111111111111110111111111100000000111111000000000000000000000011111100001111110000000000001111111111110000000000000111111111111111110000000000111111000000011111100000000000000000000000000000000000000000000000000000000000000000000000000000000000
0000000000000000000000000000000000000000000000000000000000000000000000000000000000000000000000000000000111111111100000000000000000000000011111111111111111111111111111111110111111111100000000111111000000000000000000000111111000001111110000000000001111111111100000000000000111111111111111110000000000111111000011111111000000000000000000000000000000000000000000000000000000000000000000000000000000000000
0000000000000000000000000000000000000000000000000000000000000000000000000000000000000000000000000000001111111111100000000000000000000000011111111111111111111111111111111110111111111100000000111111000000000000000000000111111000000111111000000000000111111111000000000000000111111111111111110000000000111111111111111110000000000000000000000000000000000000000000000000000000000000000000000000000000000000
0000000000000000000000000000000000000000000000000000000000000000000000000000000000000000000000000000001111111111100000000000000000000000011111111111111111111111111111111110111111111100000000111111000000000000000000000111111000000111111000000000000011111111000000000000000111111111111111110000000000111111111111111000000000000000000000000000000000000000000000000000000000000000000000000000000000000000
0000000000000000000000000000000000000000000000000000000000000000000000000000000000000000000000000000001111111111100000000000000000000000011111111111111111111111111111111110111111111110000000111111000000000000000000001111110000000111111000000000000011111110000000000000000111111111111111110000000000111111111111111100000000000000000000000000000000000000000000000000000000000000000000000000000000000000
0000000000000000000000000000000000000000000000000000000000000000000000000000000000000000000000000000001111111111100000000000000000000000011111111111111111111111111111111110111111111110000000111111000000000000000000001111110000000011111100000000000011111110000000000000000111111000000000000000000000111111111111111111000000000000000000000000000000000000000000000000000000000000000000000000000000000000
0000000000000000000000000000000000000000000000000000000000000000000000000000000000000000000000000000011111111111100000000000000000000000011111111111111111111111111111111110111111111110000000111111000000000000000000001111110000000011111100000000000011111110000000000000000111111000000000000000000000111111000001111111000000000000000000000000000000000000000000000000000000000000000000000000000000000000
0000000000000000000000000000000000000000000000000000000000000000000000000000000000000000000000000000011111111111100000000000000000000000011111111111111111111111111111111110111111111110000000111111000000000000000000011111111111111111111100000000000011111110000000000000000111111000000000000000000000111111000000111111100000000000000000000000000000000000000000000000000000000000000000000000000000000000
0000000000000000000000000000000000000000000000000000000000000000000000000000000000000000000000000000011111111111100000000000000000000000011111111111111111111111111111111110111111111110000000111111000000000000000000011111111111111111111110000000000011111110000000000000000111111000000000000000000000111111000000011111110000000000000000000000000000000000000000000000000000000000000000000000000000000000
0000000000000000000000000000000000000000000000000000000000000000000000000000000000000000000000000000011111111111100000000000000000000000011111111111111111111111111111111110111111111110000000111111000000000000000000111111111111111111111110000000000011111110000000000000000111111000000000000000000000111111000000011111110000000000000000000000000000000000000000000000000000000000000000000000000000000000
0000000000000000000000000000000000000000000000000000000000000000000000000000000000000000000000000000011111111111100000000000000000000000011111111111111111111111111111111110111111111111000000111111000000000000000000111111111111111111111111000000000011111110000000000000000111111000000000000000000000111111000000001111111000000000000000000000000000000000000000000000000000000000000000000000000000000000
0000000000000000000000000000000000000000000000000000000000000000000000000000000000000000000000000000011111111111100000000000000000000000011111111111111111111111111111111110111111111111000000111111111111111111000000111111000000000000111111000000000011111110000000000000000111111111111111111000000000111111000000001111111000000000000000000000000000000000000000000000000000000000000000000000000000000000
0000000000000000000000000000000000000000000000000000000000000000000000000000000000000000000000000000011111111111100000000000000000000000011111111111111111111111111111111110111111111111000000111111111111111111100001111111000000000000111111000000000011111110000000000000000111111111111111111000000000111111000000000111111100000000000000000000000000000000000000000000000000000000000000000000000000000000
0000000000000000000000000000000000000000000000000000000000000000000000000000000000000000000000000000011111111111100000000000000000000000011111111111111111111111111111111110111111111111000000111111111111111111100001111110000000000000111111100000000011111110000000000000000111111111111111111000000000111111000000000111111100000000000000000000000000000000000000000000000000000000000000000000000000000000
0000000000000000000000000000000000000000000000000000000000000000000000000000000000000000000000000000011111111111100000000000000000000000000000000000111111111111111111111110111111111111000000111111111111111111100001111110000000000000011111100000000011111110000000000000000111111111111111111000000000111111000000000011111110000000000000000000000000000000000000000000000000000000000000000000000000000000
0000000000000000000000000000000000000000000000000000000000000000000000000000000000000000000000000000011111111111100000000000000000000000000000000000111111111111111111111110111111111111000000111111111111111111100011111110000000000000011111100000000011111110000000000000000111111111111111111000000000111111000000000011111110000000000000000000000000000000000000000000000000000000000000000000000000000000
0000000000000000000000000000000000000000000000000000000000000000000000000000000000000000000000000000011111111111100000000000000000000000000000000000111111111111111111111110111111111111000000000000000000000000000000000000000000000000000000000000000000111111111110000000000000111111001111111100000000000000001111111111100000000000000000000000000000000000000000000000000000000000000000000000000000000000
0000000000000000000000000000000000000000000000000000000000000000000000000000000000000000000000000000011111111111100000000000000000000000000000000000111111111111111111111110111111111111000000000000000000000000000000000000000000000000000000000000000001111111111111100000000000111111001111111111000000000000111111111111110000000000000000000000000000000000000000000000000000000000000000000000000000000000
0000000000000000000000000000000000000000000000000000000000000000000000000000000000000000000000000000011111111111100000000000000000000000000000000000111111111111111111111110111111111110000000000000000000000000000000000000000000000000000000000000000011111111111111110000000000111111011111111111000000000001111111111111111000000000000000000000000000000000000000000000000000000000000000000000000000000000
0000000000000000000000000000000000000000000000000000000000000000000000000000000000000000000000000000011111111111100000000000000000000000000000000000111111111111111111111110111111111110000000000000000000000000000000000000000000000000000000000000000111111111111111111000000000111111111111111111100000000011111111000111111100000000000000000000000000000000000000000000000000000000000000000000000000000000
0000000000000000000000000000000000000000000000000000000000000000000000000000000000000000000000000000011111111111100000000000000000000000000000000000111111111111111111111110111111111110000000000000000000000000000000000000000000000000000000000000001111111000000111111100000000111111110000111111100000000011111100000011111100000000000000000000000000000000000000000000000000000000000000000000000000000000
0000000000000000000000000000000000000000000000000000000000000000000000000000000000000000000000000000011111111111100000000000000000000000000000000000111111111111111111111110111111111110000000000000000000000000000000000000000000000000000000000000001111110000000011111100000000111111100000011111110000000111111000000001111110000000000000000000000000000000000000000000000000000000000000000000000000000000
0000000000000000000000000000000000000000000000000000000000000000000000000000000000000000000000000000001111111111100000000000000000000000000000000000111111111111111111111110111111111110000000000000000000000000000000000000000000000000000000000000011111110000000011111100000000111111000000001111110000000111111000000000111110000000000000000000000000000000000000000000000000000000000000000000000000000000
0000000000000000000000000000000000000000000000000000000000000000000000000000000000000000000000000000001111111111100000000000000000000000000000000000111111111111111111111110111111111100000000000000000000000000000000000000000000000000000000000000011111100000000011111110000000111111000000001111110000000111110000000000111111000000000000000000000000000000000000000000000000000000000000000000000000000000
0000000000000000000000000000000000000000000000000000000000000000000000000000000000000000000000000000001111111111100000000000000000000000000000000000111111111111111111111110111111111100000000000000000000000000000000000000000000000000000000000000011111100000000001111110000000111111000000001111110000001111111111111111111111000000000000000000000000000000000000000000000000000000000000000000000000000000
0000000000000000000000000000000000000000000000000000000000000000000000000000000000000000000000000000001111111111100000000000000000000000000000000000111111111111111111111110111111111100000000000000000000000000000000000000000000000000000000000000011111100000000001111110000000111111000000001111110000001111111111111111111111000000000000000000000000000000000000000000000000000000000000000000000000000000
0000000000000000000000000000000000000000000000000000000000000000000000000000000000000000000000000000000111111111100000000000000000000000000000000000111111111111111111111110111111111100000000000000000000000000000000000000000000000000000000000000011111100000000001111110000000111111000000001111110000001111111111111111111111000000000000000000000000000000000000000000000000000000000000000000000000000000
0000000000000000000000000000000000000000000000000000000000000000000000000000000000000000000000000000000111111111100000000000000000000000000000000000111111111111111111111110111111111000000000000000000000000000000000000000000000000000000000000000011111100000000001111110000000111111000000001111110000001111111000000000000000000000000000000000000000000000000000000000000000000000000000000000000000000000
0000000000000000000000000000000000000000000000000000000000000000000000000000000000000000000000000000000111111111100000000000000000000000000000000000111111111111111111111110111111111000000000000000000000000000000000000000000000000000000000000000011111100000000011111110000000111111000000001111110000000111110000000000000000000000000000000000000000000000000000000000000000000000000000000000000000000000
0000000000000000000000000000000000000000000000000000000000000000000000000000000000000000000000000000000011111111100000000000000000000000000000000000111111111111111111111110111111111000000000000000000000000000000000000000000000000000000000000000011111110000000011111100000000111111000000001111110000000111111000000000000000000000000000000000000000000000000000000000000000000000000000000000000000000000
0000000000000000000000000000000000000000000000000000000000000000000000000000000000000000000000000000000011111111100000000000000000000000000000000000111111111111111111111110111111110000000000000000000000000000000000000000000000000000000000000000001111110000000011111100000000111111000000001111110000000111111000000000000000000000000000000000000000000000000000000000000000000000000000000000000000000000
0000000000000000000000000000000000000000000000000000000000000000000000000000000000000000000000000000000001111111100000000000000000000000000000000000111111111111111111111110111111110000000000000000000000000000000000000000000000000000000000000000001111111000000111111100000000111111000000001111110000000011111100000000000110000000000000000000000000000000000000000000000000000000000000000000000000000000
0000000000000000000000000000000000000000000000000000000000000000000000000000000000000000000000000000000001111111100000000000000000000000000000000000111111111111111111111110111111100000000000000000000000000000000000000000000000000000000000000000000111111111111111111000000000111111000000001111110000000011111111000001111110000000000000000000000000000000000000000000000000000000000000000000000000000000
0000000000000000000000000000000000000000000000000000000000000000000000000000000000000000000000000000000000111111100000000000000000000000000000000000111111111111111111111110111111100000000000000000000000000000000000000000000000000000000000000000000011111111111111110000000000111111000000001111110000000001111111111111111110000000000000000000000000000000000000000000000000000000000000000000000000000000
0000000000000000000000000000000000000000000000000000000000000000000000000000000000000000000000000000000000111111111111111111111111111111111111111111111111111111111111111110111111000000000000000000000000000000000000000000000000000000000000000000000001111111111111100000000000111111000000001111110000000000111111111111111110000000000000000000000000000000000000000000000000000000000000000000000000000000
0000000000000000000000000000000000000000000000000000000000000000000000000000000000000000000000000000000000011111111111111111111111111111111111111111111111111111111111111110111111000000000000000000000000000000000000000000000000000000000000000000000000011111111110000000000000111110000000001111110000000000001111111111111000000000000000000000000000000000000000000000000000000000000000000000000000000000
0000000000000000000000000000000000000000000000000000000000000000000000000000000000000000000000000000000000011111111111111111111111111111111111111111111111111111111111111110111110000000000000000000000000000000000000000000000000000000000000000000000000000001100000000000000000000000000000000000000000000000000000011000000000000000000000000000000000000000000000000000000000000000000000000000000000000000
0000000000000000000000000000000000000000000000000000000000000000000000000000000000000000000000000000000000001111111111111111111111111111111111111111111111111111111111111110111100000000000000000000000000000000000000000000000000000000000001100000000000000000000000000000000000000000000000000000000000000000000000000000000000000000000000000000000000000000000000000000000000000000000000000000000000000000
0000000000000000000000000000000000000000000000000000000000000000000000000000000000000000000000000000000000000111111111111111111111111111111111111111111111111111111111111110111100000000000000000000000000000000000000000000000000011111111101100000000000000000000110000000000011000000000000000000000000000000000000000000011000000000000000000000000000000000000000000000000000000000000000000000000000000000
0000000000000000000000000000000000000000000000000000000000000000000000000000000000000000000000000000000000000011111111111111111111111111111111111111111111111111111111111110111000000000000000000000000000000000000000000000000000000011000001100000000000000000000110000000000011000000000000000000000000000000000000000000011000000000000000000000000000000000000000000000000000000000000000000000000000000000
0000000000000000000000000000000000000000000000000000000000000000000000000000000000000000000000000000000000000011111111111111111111111111111111111111111111111111111111111110110000000000000000000000000000000000000000000000000000000011000001111110000111110000000110011111100111110011111000111110111100001111100011111100111110000000000000000000000000000000000000000000000000000000000000000000000000000000
0000000000000000000000000000000000000000000000000000000000000000000000000000000000000000000000000000000000000001111111111111111111111111111111111111111111111111111111111110100000000000000000000000000000000000000000000000000000000011000001110011001100011000000110011100110011000110001100111001110010011000110011100110011000000000000000000000000000000000000000000000000000000000000000000000000000000000
0000000000000000000000000000000000000000000000000000000000000000000000000000000000000000000000000000000000000000111111111111111111111111111111111111111111111111111111111110000000000000000000000000000000000000000000000000000000000011000001100011001000011000000110011000110011000110001100110001100000010000110011000110011000000000000000000000000000000000000000000000000000000000000000000000000000000000
0000000000000000000000000000000000000000000000000000000000000000000000000000000000000000000000000000000000000000011111111111111111111111111111111111111111111111111111111110000000000000000000000000000000000000000000000000000000000011000001100011001111111000000110011000110011000111111100110001000000011111110011000010011000000000000000000000000000000000000000000000000000000000000000000000000000000000
0000000000000000000000000000000000000000000000000000000000000000000000000000000000000000000000000000000000000000001111111111111111111111111111111111111111111111111111111110000000000000000000000000000000000000000000000000000000000011000001100011001000000000000110011000110011000100000000110001000000010000000011000010011000000000000000000000000000000000000000000000000000000000000000000000000000000000
0000000000000000000000000000000000000000000000000000000000000000000000000000000000000000000000000000000000000000000111111111111111111111111111111111111111111111111111111110000000000000000000000000000000000000000000000000000000000011000001100011001100000000000110011000110011000110000000110001100000011000000011000110011000000000000000000000000000000000000000000000000000000000000000000000000000000000
0000000000000000000000000000000000000000000000000000000000000000000000000000000000000000000000000000000000000000000001111111111111111111111111111111111111111111111111111110000000000000000000000000000000000000000000000000000000000011000001100011001110011000000110011000110011000111001100110001110010011100110011100110011000000000000000000000000000000000000000000000000000000000000000000000000000000000
0000000000000000000000000000000000000000000000000000000000000000000000000000000000000000000000000000000000000000000000111111111111111111111111111111111111111111111111111110000000000000000000000000000000000000000000000000000000000011000001100011000111110000000110011000110001110011111000110000111100001111100011111100001110000000000000000000000000000000000000000000000000000000000000000000000000000000
0000000000000000000000000000000000000000000000000000000000000000000000000000000000000000000000000000000000000000000000011111111111111111111111111111111111111111111111111110000000000000000000000000000000000000000000000000000000000000000000000000000000000000000000000000000000000000000000000000000000000000000011000000000000000000000000000000000000000000000000000000000000000000000000000000000000000000
0000000000000000000000000000000000000000000000000000000000000000000000000000000000000000000000000000000000000000000000000111111111111111111111111111111111111111111111111110000000000000000000000000000000000000000000000000000000000000000000000000000000000000000000000000000000000000000000000000000000000000000011000000000000000000000000000000000000000000000000000000000000000000000000000000000000000000
0000000000000000000000000000000000000000000000000000000000000000000000000000000000000000000000000000000000000000000000000001111111111111111111111111111111111111111111111110000000000000000000000000000000000000000000000000000000000000000000000000000000000000000000000000000000000000000000000000000000000000000011000000000000000000000000000000000000000000000000000000000000000000000000000000000000000000
0000000000000000000000000000000000000000000000000000000000000000000000000000000000000000000000000000000000000000000000000000011111111111111111111111111111111111111111111110000000000000000000000000000000000000000000000000000000000000000000000000000000000000000000000000000000000000000000000000000000000000000000000000000000000000000000000000000000000000000000000000000000000000000000000000000000000000
0000000000000000000000000000000000000000000000000000000000000000000000000000000000000000000000000000000000000000000000000000000111111111111111111111111111111111111111111110000000000000000000000000000000000000000000000000000000000000000000000000000000000000000000000000000000000000000000000000000000000000000000000000000000000000000000000000000000000000000000000000000000000000000000000000000000000000
0000000000000000000000000000000000000000000000000000000000000000000000000000000000000000000000000000000000000000000000000000000000111111111111111111111111111111111111111110000000000000000000000000000000000000000000000000000000000000000000000000000000000000000000000000000000000000000000000000000000000000000000000000000000000000000000000000000000000000000000000000000000000000000000000000000000000000
0000000000000000000000000000000000000000000000000000000000000000000000000000000000000000000000000000000000000000000000000000000000000011111111111111000000000000000000000000000000000000000000000000000000000000000000000000000000000000000000000000000000000000000000000000000000000000000000000000000000000000000000000000000000000000000000000000000000000000000000000000000000000000000000000000000000000000
0000000000000000000000000000000000000000000000000000000000000000000000000000000000000000000000000000000000000000000000000000000000000000000000000000000000000000000000000000000000000000000000000000000000000000000000000000000000000000000000000000000000000000000000000000000000000000000000000000000000000000000000000000000000000000000000000000000000000000000000000000000000000000000000000000000000000000
0000000000000000000000000000000000000000000000000000000000000000000000000000000000000000000000000000000000000000000000000000000000000000000000000000000000000000000000000000000000000000000000000000000000000000000000000000000000000000000000000000000000000000000000000000000000000000000000000000000000000000000000000000000000000000000000000000000000000000000000000000000000000000000000000000000000000000
0000000000000000000000000000000000000000000000000000000000000000000000000000000000000000000000000000000000000000000000000000000000000000000000000000000000000000000000000000000000000000000000000000000000000000000000000000000000000000000000000000000000000000000000000000000000000000000000000000000000000000000000000000000000000000000000000000000000000000000000000000000000000000000000000000000000000000
0000000000000000000000000000000000000000000000000000000000000000000000000000000000000000000000000000000000000000000000000000000000000000000000000000000000000000000000000000000000000000000000000000000000000000000000000000000000000000000000000000000000000000000000000000000000000000000000000000000000000000000000000000000000000000000000000000000000000000000000000000000000000000000000000000000000000000
0000000000000000000000000000000000000000000000000000000000000000000000000000000000000000000000000000000000000000000000000000000000000000000000000000000000000000000000000000000000000000000000000000000000000000000000000000000000000000000000000000000000000000000000000000000000000000000000000000000000000000000000000000000000000000000000000000000000000000000000000000000000000000000000000000000000000000
0000000000000000000000000000011111000011100000000000000000000000000000000000000111110000000000000000000000000000000000000000000000000000000000000000000000000000000000000000000000000000000000000000000000000000000000000000000000000000000000011000000000000000000000000000000000000000000000000000000000000000000110000000000000000000000000000000000000000000000000000000000110001111000000000000000000000000
0000000000000000000000000001111111000011100000000000000000000000000000000000001111110000000000000000000000111111000000000000111111000000000000000000000000000000000000000000000001111111000000000000000000000000000000000000000000000000000000111000000000000000000000001110000000000000000000000000000000000000001110000000000000000000000011100000000000000000000000000000001110011111100000000000000000000000
0000000000000000000000000011111111000011100000000000000000000000000000000000001111110000000000000000000011111111100000000011111111110000000000000000000000000000000000000000000011111111100000000000000000000000000000000000000000000000000000111100000000000000000000011110000000000000000000000000000000000000001111000000000000000000000111100000000000000000000000000000001110011111110000000000000000000000
0000000000000000000000000011110000000011100000000000000000000000000000000000011110000000000000000000000111111111110000000111111111110000000000000000000000000000000000000000000111111111110000000000000000000000000000000000000000000000000000111100000000000000000000111110000000000000000000000000000000000000001111000000000000000000001111100000000000000000000000000000001110000011110000000000000000000000
0000000000000000000000000011100000000011100000000000000000000000000000000000011100000000000000000000000111100001111000000111100001111000000000000000000000000000000000000000001111100011111000000011100000000000000000000000000000011100000000111100000000000000000001111110000000001110000000000000000000000000001111000000000000000000011111100000000000000000000000000000001110000001110000000000000000000000
0000000000000000000000000111100000000011100000000000000000000000000000000000011100000000000000000000000111000000111000000111000000111000000000000000000000000000000000000000011110000000111000000011100000000000000000000000000000011100000000111100000000000000000001111110000000001110000000000000000000000000001111000000000000000000011111100000000000000000000000000000001110000001110000000000000000000000
0000000000000000000000000111000000000011100000000000000000000000000000000000011100000000000000000000000000000000111000000000000000111000000000000000000000000000000000000000011100000000111100000011110000000000000000000000000000011110000000111100000000000000000011111110000000001111000000000000000000000000001111000000000000000000111111100000000000000000000000000000001110000001110000000000000000000000
0000000000000000000000000111000000000011100000000000000000000000000000000000011100000000000000000000000000000000111000000000000000111100000000000000000000000000000000000000111100000000011100000011110000000000000000000000000000011110000000111100000000000000000111101110000000001111000000000000000000000000001111000000000000000000111011100000000000000000000000000000001110000001110000000000000000000000
0000000000000000000000000111000000000011100000000000000000000000000000000000011100000000000000111100000000000000111000000000000000111000000000000000000000000000000000000000111000000000011100000011110000000000000000000000000000011110000000111100000000000000000111101110000000001111000000000000000000000000001110000000000000000001111011100000000000000000000000000000001110000001110000000000000000000000
0000000000000000000000111111111110000011100000000111111000000000111111000000011100000000001111111100000000000111111000000000000111111000000000000000000000000111000111100000111000000000011100111111111111000000000000000000000111111111111000111100111110000000001111001110000011111111111100000000000000000000001110001111100000000011110011100000011000011111000000011111101110000001110000000000000000000000
0000000000000000000001111111111111000011100000011111111110000011111111110000011100000000111111111100000000111111111000000000111111111000000000000000000000000111011111110000111000000000011100111111111111000000000000000000000111111111111000111101111111000000001110001110000011111111111100000000000000000000001110011111110000000011100011100000011101111111000001111111111110000001110000000000000000000000
0000000000000000000001111111111110000011100000111111111110000111111111111000011100000001111111011110000000111111110000000000111111110000000000000000000000000111111111111000111000000000011100111111111111000000000000000000000111111111111000111111111111100000011110001110000011111111111100000000000000000000001111111111111000000111100011100000011111111111100011111111111110000001110000000000000000000000
0000000000000000000000000111000000000011100001111100011110001111100001111000011100000001111000001100000000111111100000000000111111100000000000000000000000000111111100111000111000000000011100000011110000000000000000000000000000011110000000111111100111100000111100001110000000001111000000000000000000000000001111111001111000001111000011100000011111110111100111110000111110000001110000000000000000000000
0000000000000000000000000111000000000011100011111000011110001110000000111000111100000001110000000000000000000011110000000000000011110000000000000000000000000111111000111000111000000000011100000011110000000000000000000000000000011110000000111111000011100000111000001110000000001111000000000000000000000000001111110000111000001110000011100000011111000111100111000000011110000000111100000000000000000000
0000000000000000000000000111000000000011100011110000011110011110000001111001111000000001111110000000000000000000111000000000000001111000000000000000000000000111110000111000111000000000011100000011110000000000000000000000000000011110000000111110000011100001111000001110000000001111000000000000000000000000001111100000111000011110000011100000011110000011000111000000001110000000111110000000000000000000
0000000000000000000000000111000000000011100011100000011110011100000001111011110000000001111111100000000000000000111100000000000000111100000000000000000000000111100000111000111000000000011100000011110000000000000000000000000000011110000000111100000011100011111111111111110000001111000000000000000000000000001111000000111000111111111111111100011100000000001110000000001110000000011110000000000000000000
0000000000000000000000000111000000000111100011100000011100011100000001110011111000000000011111111000000000000000011100000000000000011100000000000000000000000111100000111000111000000000011100000011110000000000000000000000000000011110000000111100000011100011111111111111111000001111000000000000000000000000001111000000111000111111111111111110011100000000001110000000011110000000011110000000000000000000
0000000000000000000000000111000000000111100011100000011110011100000001110001111000000000000001111100000000000000011100000000000000011100000000000000000000000111000000111000111100000000111100000001110000000000000000000000000000011110000000111100000011100011111111111111110000000111000000000000000000000000001111000000111000111111111111111100011100000000001110000000011110000000111100000000000000000000
0000000000000000000000000111000000000111100011100000001110011100000011110000111100000000000000111100001110000000011100001110000000011100000000000000000000000111000000111000011100000000111000000001110000000000000000000000000000001110000000111100000011100000000000001110000000000111000000000000000000000000001111000000111000000000000011100000011100000000001111000000001110000000111000000000000000000000
0000000000000000000000000111000000000111100011100000001110011100000011110000011100000000000000011100001111000000111100001110000000111100000000000000000000000111000000111100011110000001111000000001110000000000000000000000000000001110000000111100000011100000000000001110000000000111000000000000000000000000001111000000111000000000000011100000011100000000000111000000011110000000111000000000000000000000
0000000000000000000000000111000000000111100011111000111110011110001111110000011100000011100000111100001111100011111000001111100011111000000000000000000000000111000000111100001111000011110000000001110000000000000000000000000000001110000000111100000011110000000000001110000000000111000000000000000000000000001110000000111100000000000011100000011100000000000111110001111110000000111000000000000000000000
0000000000000000000000000111000000000111100001111111111111001111111111110000011100000111111111111100000111111111111000000111111111111000000000000000000000000111000000111100001111111111110000000001110000000000000000000000000000001110000000111000000011110000000000001110000000000111000000000000000000000000001110000000111100000000000011100000011100000000000011111111111110000000111000000000000000000000
0000000000000000000000000111000000000111100001111111110111000111111101110000111100000011111111111000000011111111110000000011111111110000000000000000000000000111000000011100000111111111100000000001110000000000000000000000000000011110000000111000000001110000000000001110000000000111000000000000000000000000001110000000011100000000000011100000011100000000000001111111111110000000111000000000000000000000
0000000000000000000000001111000000000011000000011111000111000011111001110000011100000000111111100000000001111111000000000000111111000000000000000000000000000111000000011100000001111110000000000001100000000000000000000000000000001100000000111000000001110000000000001110000000000110000000000000000000000000001110000000011100000000000011100000011100000000000000111111101110000000111000000000000000000000
0000000000000000000000001111000000000000000000000000000000000000000001110000011100000000000000000000000000000000000000000000000000000000000000000000000000000000000000000000000000000000000000000000000000000000000000000000000000000000000000000000000000000000000000000000000000000000000000000000000000000000000000000000000000000000000000000000000000000000000000000000000000000001111000000000000000000000
0000000000000000000000000110000000000000000000000000000000000000000011110000011100000000000000000000000000000000000000000000000000000000000000000000000000000000000000000000000000000000000000000000000000000000000000000000000000000000000000000000000000000000000000000000000000000000000000000000000000000000000000000000000000000000000000000000000000000000000000000000000000000001110000000000000000000000
0000000000000000000000000000000000000000000000000000000000000000000011100000011110000000000000000000000000000000000000000000000000000000000000000000000000000000000000000000000000000000000000000000000000000000000000000000000000000000000000000000000000000000000000000000000000000000000000000000000000000000000000000000000000000000000000000000000000000000000000000000000000000011110000000000000000000000
0000000000000000000000000000000000000000000000000000000000000000000111100000001111110000000000000000000000000000000000000000000000000001111111111111111111110000000000000000000000000000000000000000000000111111111111111111111000000000000000000000000000000000000000000000000000000000000011111111111111111111100000000000000000000000000000000000000000000000000000000000000000001111110000000000000000000000
0000000000000000000000000000000000000000000000000000000000001000001111100000000111110000000000000000000000000000000000000000000000000001111111111111111111110000000000000000000000000000000000000000000000111111111111111111111000000000000000000000000000000000000000000000000000000000000011111111111111111111100000000000000000000000000000000000000000000000000000000000000000011111100000000000000000000000
0000000000000000000000000000000000000000000000000000000000011111111111000000000011110000000000000000000000000000000000000000000000000000000000000000000000000000000000000000000000000000000000000000000000000000000000000000000000000000000000000000000000000000000000000000000000000000000000000000000000000000000000000000000000000000000000000000000000000000000000000000000000001111000000000000000000000000
0000000000000000000000000000000000000000000000000000000000011111111110000000000000000000000000000000000000000000000000000000000000000000000000000000000000000000000000000000000000000000000000000000000000000000000000000000000000000000000000000000000000000000000000000000000000000000000000000000000000000000000000000000000000000000000000000000000000000000000000000000000000000000000000000000000000000000
0000000000000000000000000000000000000000000000000000000000001111111100000000000000000000000000000000000000000000000000000000000000000000000000000000000000000000000000000000000000000000000000000000000000000000000000000000000000000000000000000000000000000000000000000000000000000000000000000000000000000000000000000000000000000000000000000000000000000000000000000000000000000000000000000000000000000000
0000000000000000000000000000000000000000000000000000000000000000000000000000000000000000000000000000000000000000000000000000000000000000000000000000000000000000000000000000000000000000000000000000000000000000000000000000000000000000000000000000000000000000000000000000000000000000000000000000000000000000000000000000000000000000000000000000000000000000000000000000000000000000000000000000000000000000
0000000000000000000000000000000000000000000000000000000000000000000000000000000000000000000000000000000000000000000000000000000000000000000000000000000000000000000000000000000000000000000000000000000000000000000000000000000000000000000000000000000000000000000000000000000000000000000000000000000000000000000000000000000000000000000000000000000000000000000000000000000000000000000000000000000000000000
0000000000000000000000000000000000000000000000000000000000000000000000000000000000000000000000000000000000000000000000000000000000000000000000000000000000000000000000000000000000000000000000000000000000000000000000000000000000000000000000000000000000000000000000000000000000000000000000000000000000000000000000000000000000000000000000000000000000000000000000000000000000000000000000000000000000000000
0000000000000000000000000000000000000000000000000000000000000000000000000000000000000000000000000000000000000000000000000000000000000000000000000000000000000000000000000000000000000000000000000000000000000000000000000000000000000000000000000000000000000000000000000000000000000000000000000000000000000000000000000000000000000000000000000000000000000000000000000000000000000000000000000000000000000000
